//GAGAN

1	1	1	1	1	1	1	0	1	1	1	1	1	0	1	1	1	1	1	1	1
1	0	0	0	0	0	1	0	1	1	0	1	1	0	1	0	0	0	0	0	1
1	0	1	1	1	0	1	0	0	1	1	1	0	0	1	0	1	1	1	0	1
1	0	1	1	1	0	1	0	0	1	0	1	1	0	1	0	1	1	1	0	1
1	0	1	1	1	0	1	0	1	0	0	0	1	0	1	0	1	1	1	0	1
1	0	0	0	0	0	1	0	1	0	1	0	0	0	1	0	0	0	0	0	1
1	1	1	1	1	1	1	0	1	0	1	0	1	0	1	1	1	1	1	1	1
0	0	0	0	0	0	0	0	1	1	1	1	0	0	0	0	0	0	0	0	0
1	1	1	0	0	1	1	0	1	1	1	1	1	1	1	1	1	0	0	1	1
1	0	0	0	0	0	0	1	0	1	1	0	0	0	0	0	0	1	0	0	1
0	0	1	0	1	0	1	1	0	1	1	0	0	0	1	0	0	0	1	1	0
0	1	0	1	1	0	0	1	1	1	1	0	1	0	0	0	1	0	1	1	0
0	0	0	1	1	0	1	1	0	0	0	0	0	0	0	0	0	0	0	0	0
0	0	0	0	0	0	0	0	1	0	1	1	0	1	1	1	0	1	0	0	1
1	1	1	1	1	1	1	0	0	0	0	1	1	1	0	1	1	1	1	1	0
1	0	0	0	0	0	1	0	1	1	0	1	0	1	1	1	0	0	1	0	1
1	0	1	1	1	0	1	0	0	0	1	1	1	1	1	1	1	0	0	1	1
1	0	1	1	1	0	1	0	0	1	0	0	0	0	0	0	0	0	1	0	0
1	0	1	1	1	0	1	0	1	0	1	0	0	0	1	0	0	1	1	1	1
1	0	0	0	0	0	1	0	1	0	1	0	1	0	0	0	1	0	0	0	1
1	1	1	1	1	1	1	0	1	1	0	0	0	0	1	0	0	1	1	1	1

{{1,1,1,1,1,1,1,0,1,1,1,1,1,0,1,1,1,1,1,1,1},
{1,0,0,0,0,0,1,0,1,1,0,1,1,0,1,0,0,0,0,0,1},
{1,0,1,1,1,0,1,0,0,1,1,1,0,0,1,0,1,1,1,0,1},
{1,0,1,1,1,0,1,0,0,1,0,1,1,0,1,0,1,1,1,0,1},
{1,0,1,1,1,0,1,0,1,0,0,0,1,0,1,0,1,1,1,0,1},
{1,0,0,0,0,0,1,0,1,0,1,0,0,0,1,0,0,0,0,0,1},
{1,1,1,1,1,1,1,0,1,0,1,0,1,0,1,1,1,1,1,1,1},
{0,0,0,0,0,0,0,0,1,1,1,1,0,0,0,0,0,0,0,0,0},
{1,1,1,0,0,1,1,0,1,1,1,1,1,1,1,1,1,0,0,1,1},
{1,0,0,0,0,0,0,1,0,1,1,0,0,0,0,0,0,1,0,0,1},
{0,0,1,0,1,0,1,1,0,1,1,0,0,0,1,0,0,0,1,1,0},
{0,1,0,1,1,0,0,1,1,1,1,0,1,0,0,0,1,0,1,1,0},
{0,0,0,1,1,0,1,1,0,0,0,0,0,0,0,0,0,0,0,0,0},
{0,0,0,0,0,0,0,0,1,0,1,1,0,1,1,1,0,1,0,0,1},
{1,1,1,1,1,1,1,0,0,0,0,1,1,1,0,1,1,1,1,1,0},
{1,0,0,0,0,0,1,0,1,1,0,1,0,1,1,1,0,0,1,0,1},
{1,0,1,1,1,0,1,0,0,0,1,1,1,1,1,1,1,0,0,1,1},
{1,0,1,1,1,0,1,0,0,1,0,0,0,0,0,0,0,0,1,0,0},
{1,0,1,1,1,0,1,0,1,0,1,0,0,0,1,0,0,1,1,1,1},
{1,0,0,0,0,0,1,0,1,0,1,0,1,0,0,0,1,0,0,0,1},
{1,1,1,1,1,1,1,0,1,1,0,0,0,0,1,0,0,1,1,1,1}}




//SJBIT

1	1	1	1	1	1	1	0	1	1	1	1	1	0	1	1	1	1	1	1	1
1	0	0	0	0	0	1	0	1	1	0	1	1	0	1	0	0	0	0	0	1
1	0	1	1	1	0	1	0	0	1	1	1	0	0	1	0	1	1	1	0	1
1	0	1	1	1	0	1	0	0	1	0	1	1	0	1	0	1	1	1	0	1
1	0	1	1	1	0	1	0	1	0	0	0	1	0	1	0	1	1	1	0	1
1	0	0	0	0	0	1	0	1	0	1	0	0	0	1	0	0	0	0	0	1
1	1	1	1	1	1	1	0	1	0	1	0	1	0	1	1	1	1	1	1	1
0	0	0	0	0	0	0	0	1	1	1	1	0	0	0	0	0	0	0	0	0
1	1	1	0	0	1	1	0	1	1	1	1	1	1	1	1	1	0	0	1	1
1	0	1	1	1	1	0	0	0	0	0	0	0	0	0	0	0	1	0	1	1
0	1	0	1	0	1	1	1	1	1	1	0	0	0	1	0	0	1	1	0	0
0	0	0	1	0	1	0	1	0	0	0	0	1	0	0	0	1	0	0	1	1
1	1	1	1	1	0	1	1	0	0	1	0	0	0	1	0	0	1	1	0	0
0	0	0	0	0	0	0	0	1	0	1	1	0	1	1	1	0	0	0	0	0
1	1	1	1	1	1	1	0	0	1	0	1	1	1	0	1	1	1	0	0	0
1	0	0	0	0	0	1	0	1	0	0	1	0	1	1	1	0	1	1	0	1
1	0	1	1	1	0	1	0	0	0	0	1	1	1	1	1	1	1	0	1	1
1	0	1	1	1	0	1	0	0	1	0	0	0	0	0	0	0	0	1	0	0
1	0	1	1	1	0	1	0	1	1	0	0	0	0	1	0	0	1	1	1	1
1	0	0	0	0	0	1	0	1	1	1	0	1	0	0	0	1	0	0	0	1
1	1	1	1	1	1	1	0	1	1	0	0	0	0	1	0	0	1	1	1	1


{{1,1,1,1,1,1,1,0,1,1,1,1,1,0,1,1,1,1,1,1,1},
{1,0,0,0,0,0,1,0,1,1,0,1,1,0,1,0,0,0,0,0,1},
{1,0,1,1,1,0,1,0,0,1,1,1,0,0,1,0,1,1,1,0,1},
{1,0,1,1,1,0,1,0,0,1,0,1,1,0,1,0,1,1,1,0,1},
{1,0,1,1,1,0,1,0,1,0,0,0,1,0,1,0,1,1,1,0,1},
{1,0,0,0,0,0,1,0,1,0,1,0,0,0,1,0,0,0,0,0,1},
{1,1,1,1,1,1,1,0,1,0,1,0,1,0,1,1,1,1,1,1,1},
{0,0,0,0,0,0,0,0,1,1,1,1,0,0,0,0,0,0,0,0,0},
{1,1,1,0,0,1,1,0,1,1,1,1,1,1,1,1,1,0,0,1,1},
{1,0,1,1,1,1,0,0,0,0,0,0,0,0,0,0,0,1,0,1,1},
{0,1,0,1,0,1,1,1,1,1,1,0,0,0,1,0,0,1,1,0,0},
{0,0,0,1,0,1,0,1,0,0,0,0,1,0,0,0,1,0,0,1,1},
{1,1,1,1,1,0,1,1,0,0,1,0,0,0,1,0,0,1,1,0,0},
{0,0,0,0,0,0,0,0,1,0,1,1,0,1,1,1,0,0,0,0,0},
{1,1,1,1,1,1,1,0,0,1,0,1,1,1,0,1,1,1,0,0,0},
{1,0,0,0,0,0,1,0,1,0,0,1,0,1,1,1,0,1,1,0,1},
{1,0,1,1,1,0,1,0,0,0,0,1,1,1,1,1,1,1,0,1,1},
{1,0,1,1,1,0,1,0,0,1,0,0,0,0,0,0,0,0,1,0,0},
{1,0,1,1,1,0,1,0,1,1,0,0,0,0,1,0,0,1,1,1,1},
{1,0,0,0,0,0,1,0,1,1,1,0,1,0,0,0,1,0,0,0,1},
{1,1,1,1,1,1,1,0,1,1,0,0,0,0,1,0,0,1,1,1,1}}




//COMPUTER GRAPHICS

1	1	1	1	1	1	1	0	1	1	1	1	1	0	1	1	1	1	1	1	1
1	0	0	0	0	0	1	0	1	1	0	1	1	0	1	0	0	0	0	0	1
1	0	1	1	1	0	1	0	0	1	1	1	0	0	1	0	1	1	1	0	1
1	0	1	1	1	0	1	0	0	1	0	1	1	0	1	0	1	1	1	0	1
1	0	1	1	1	0	1	0	1	0	0	0	1	0	1	0	1	1	1	0	1
1	0	0	0	0	0	1	0	1	0	1	0	0	0	1	0	0	0	0	0	1
1	1	1	1	1	1	1	0	1	0	1	0	1	0	1	1	1	1	1	1	1
0	0	0	0	0	0	0	0	1	1	1	1	0	0	0	0	0	0	0	0	0
1	1	1	0	0	1	1	0	1	1	1	1	1	1	1	1	1	0	0	1	1
0	1	0	1	1	1	0	0	0	1	1	0	0	0	1	1	0	1	0	0	0
0	0	1	0	0	1	1	1	1	0	1	0	0	0	1	1	0	0	0	0	1
0	1	1	0	1	0	0	0	1	1	1	0	1	0	0	0	0	1	1	1	1
1	0	0	0	1	0	1	1	0	0	0	0	0	0	0	0	1	1	0	0	1
0	0	0	0	0	0	0	0	1	1	0	0	0	0	0	0	1	1	1	0	1
1	1	1	1	1	1	1	0	0	1	1	1	1	0	1	0	1	0	0	1	0
1	0	0	0	0	0	1	0	1	0	0	0	0	1	1	0	1	1	0	0	0
1	0	1	1	1	0	1	0	0	1	0	1	0	0	1	0	0	0	1	1	0
1	0	1	1	1	0	1	0	0	0	0	1	1	0	1	0	0	0	1	0	0
1	0	1	1	1	0	1	0	1	0	0	1	1	0	1	1	0	1	1	1	1
1	0	0	0	0	0	1	0	1	1	1	1	1	0	1	0	0	1	1	0	1
1	1	1	1	1	1	1	0	1	1	1	1	0	0	1	0	1	0	1	1	1


{{1,1,1,1,1,1,1,0,1,1,1,1,1,0,1,1,1,1,1,1,1},
{1,0,0,0,0,0,1,0,1,1,0,1,1,0,1,0,0,0,0,0,1},
{1,0,1,1,1,0,1,0,0,1,1,1,0,0,1,0,1,1,1,0,1},
{1,0,1,1,1,0,1,0,0,1,0,1,1,0,1,0,1,1,1,0,1},
{1,0,1,1,1,0,1,0,1,0,0,0,1,0,1,0,1,1,1,0,1},
{1,0,0,0,0,0,1,0,1,0,1,0,0,0,1,0,0,0,0,0,1},
{1,1,1,1,1,1,1,0,1,0,1,0,1,0,1,1,1,1,1,1,1},
{0,0,0,0,0,0,0,0,1,1,1,1,0,0,0,0,0,0,0,0,0},
{1,1,1,0,0,1,1,0,1,1,1,1,1,1,1,1,1,0,0,1,1},
{0,1,0,1,1,1,0,0,0,1,1,0,0,0,1,1,0,1,0,0,0},
{0,0,1,0,0,1,1,1,1,0,1,0,0,0,1,1,0,0,0,0,1},
{0,1,1,0,1,0,0,0,1,1,1,0,1,0,0,0,0,1,1,1,1},
{1,0,0,0,1,0,1,1,0,0,0,0,0,0,0,0,1,1,0,0,1},
{0,0,0,0,0,0,0,0,1,1,0,0,0,0,0,0,1,1,1,0,1},
{1,1,1,1,1,1,1,0,0,1,1,1,1,0,1,0,1,0,0,1,0},
{1,0,0,0,0,0,1,0,1,0,0,0,0,1,1,0,1,1,0,0,0},
{1,0,1,1,1,0,1,0,0,1,0,1,0,0,1,0,0,0,1,1,0},
{1,0,1,1,1,0,1,0,0,0,0,1,1,0,1,0,0,0,1,0,0},
{1,0,1,1,1,0,1,0,1,0,0,1,1,0,1,1,0,1,1,1,1},
{1,0,0,0,0,0,1,0,1,1,1,1,1,0,1,0,0,1,1,0,1},
{1,1,1,1,1,1,1,0,1,1,1,1,0,0,1,0,1,0,1,1,1}}




//QR CODE


1	1	1	1	1	1	1	0	1	0	0	0	1	0	1	1	1	1	1	1	1
1	0	0	0	0	0	1	0	1	0	1	0	0	0	1	0	0	0	0	0	1
1	0	1	1	1	0	1	0	0	0	0	0	1	0	1	0	1	1	1	0	1
1	0	1	1	1	0	1	0	0	0	0	0	0	0	1	0	1	1	1	0	1
1	0	1	1	1	0	1	0	1	1	1	1	1	0	1	0	1	1	1	0	1
1	0	0	0	0	0	1	0	1	1	0	1	1	0	1	0	0	0	0	0	1
1	1	1	1	1	1	1	0	1	0	1	0	1	0	1	1	1	1	1	1	1
0	0	0	0	0	0	0	0	1	0	0	0	1	0	0	0	0	0	0	0	0
1	1	1	0	0	1	1	0	1	0	1	0	0	1	1	1	1	0	0	1	1
0	0	1	1	0	0	0	1	1	1	1	1	0	1	1	1	0	1	1	1	0
0	0	0	0	0	0	1	0	1	0	1	1	1	1	0	1	1	1	1	0	0
0	1	1	1	1	1	0	1	1	0	1	1	0	1	1	1	0	1	1	0	1
1	0	1	1	1	0	1	0	0	0	1	1	1	1	1	1	1	1	1	1	0
0	0	0	0	0	0	0	0	1	0	0	0	0	0	0	0	0	0	0	0	0
1	1	1	1	1	1	1	0	0	1	0	0	0	0	1	0	0	0	1	0	0
1	0	0	0	0	0	1	0	1	0	1	0	1	0	0	0	1	0	0	1	1
1	0	1	1	1	0	1	0	0	1	1	0	0	0	1	0	0	0	1	1	1
1	0	1	1	1	0	1	0	0	0	1	1	0	1	1	0	0	0	0	0	0
1	0	1	1	1	0	1	0	1	1	0	1	1	1	0	1	1	0	1	1	1
1	0	0	0	0	0	1	0	1	1	0	1	0	1	1	0	1	1	0	0	1
1	1	1	1	1	1	1	0	1	0	1	1	1	1	1	0	0	1	1	1	1



{{1,1,1,1,1,1,1,0,1,0,0,0,1,0,1,1,1,1,1,1,1},
{1,0,0,0,0,0,1,0,1,0,1,0,0,0,1,0,0,0,0,0,1},
{1,0,1,1,1,0,1,0,0,0,0,0,1,0,1,0,1,1,1,0,1},
{1,0,1,1,1,0,1,0,0,0,0,0,0,0,1,0,1,1,1,0,1},
{1,0,1,1,1,0,1,0,1,1,1,1,1,0,1,0,1,1,1,0,1},
{1,0,0,0,0,0,1,0,1,1,0,1,1,0,1,0,0,0,0,0,1},
{1,1,1,1,1,1,1,0,1,0,1,0,1,0,1,1,1,1,1,1,1},
{0,0,0,0,0,0,0,0,1,0,0,0,1,0,0,0,0,0,0,0,0},
{1,1,1,0,0,1,1,0,1,0,1,0,0,1,1,1,1,0,0,1,1},
{0,0,1,1,0,0,0,1,1,1,1,1,0,1,1,1,0,1,1,1,0},
{0,0,0,0,0,0,1,0,1,0,1,1,1,1,0,1,1,1,1,0,0},
{0,1,1,1,1,1,0,1,1,0,1,1,0,1,1,1,0,1,1,0,1},
{1,0,1,1,1,0,1,0,0,0,1,1,1,1,1,1,1,1,1,1,0},
{0,0,0,0,0,0,0,0,1,0,0,0,0,0,0,0,0,0,0,0,0},
{1,1,1,1,1,1,1,0,0,1,0,0,0,0,1,0,0,0,1,0,0},
{1,0,0,0,0,0,1,0,1,0,1,0,1,0,0,0,1,0,0,1,1},
{1,0,1,1,1,0,1,0,0,1,1,0,0,0,1,0,0,0,1,1,1},
{1,0,1,1,1,0,1,0,0,0,1,1,0,1,1,0,0,0,0,0,0},
{1,0,1,1,1,0,1,0,1,1,0,1,1,1,0,1,1,0,1,1,1},
{1,0,0,0,0,0,1,0,1,1,0,1,0,1,1,0,1,1,0,0,1},
{1,1,1,1,1,1,1,0,1,0,1,1,1,1,1,0,0,1,1,1,1}}



//PROJECT


1	1	1	1	1	1	1	0	1	0	0	0	1	0	1	1	1	1	1	1	1
1	0	0	0	0	0	1	0	1	0	1	0	0	0	1	0	0	0	0	0	1
1	0	1	1	1	0	1	0	0	0	0	0	1	0	1	0	1	1	1	0	1
1	0	1	1	1	0	1	0	0	0	0	0	0	0	1	0	1	1	1	0	1
1	0	1	1	1	0	1	0	1	1	1	1	1	0	1	0	1	1	1	0	1
1	0	0	0	0	0	1	0	1	1	0	1	1	0	1	0	0	0	0	0	1
1	1	1	1	1	1	1	0	1	0	1	0	1	0	1	1	1	1	1	1	1
0	0	0	0	0	0	0	0	1	0	0	0	1	0	0	0	0	0	0	0	0
1	1	1	0	0	1	1	0	1	0	1	0	0	1	1	1	1	0	0	1	1
0	0	0	0	1	1	0	0	1	0	1	1	0	1	1	1	0	0	1	0	0
0	0	0	0	0	1	1	1	0	1	1	1	1	1	0	1	1	1	1	1	1
0	0	1	0	0	0	0	1	0	0	0	1	0	1	1	1	0	0	1	0	0
0	1	1	1	0	0	1	0	0	1	1	1	1	1	1	1	1	0	1	1	0
0	0	0	0	0	0	0	0	1	1	1	0	0	0	0	0	0	1	0	0	0
1	1	1	1	1	1	1	0	0	0	0	0	0	0	1	0	0	1	0	0	0
1	0	0	0	0	0	1	0	1	0	1	0	1	0	0	0	1	0	1	1	1
1	0	1	1	1	0	1	0	0	1	1	0	0	0	1	0	0	1	0	1	1
1	0	1	1	1	0	1	0	0	1	1	1	0	1	1	0	0	0	0	0	0
1	0	1	1	1	0	1	0	1	0	0	1	1	1	1	1	1	1	1	1	1
1	0	0	0	0	0	1	0	1	0	1	1	0	1	1	1	0	0	1	0	1
1	1	1	1	1	1	1	0	1	1	0	1	1	1	1	0	0	0	1	1	1





{{1,1,1,1,1,1,1,0,1,0,0,0,1,0,1,1,1,1,1,1,1},
{1,0,0,0,0,0,1,0,1,0,1,0,0,0,1,0,0,0,0,0,1},
{1,0,1,1,1,0,1,0,0,0,0,0,1,0,1,0,1,1,1,0,1},
{1,0,1,1,1,0,1,0,0,0,0,0,0,0,1,0,1,1,1,0,1},
{1,0,1,1,1,0,1,0,1,1,1,1,1,0,1,0,1,1,1,0,1},
{1,0,0,0,0,0,1,0,1,1,0,1,1,0,1,0,0,0,0,0,1},
{1,1,1,1,1,1,1,0,1,0,1,0,1,0,1,1,1,1,1,1,1},
{0,0,0,0,0,0,0,0,1,0,0,0,1,0,0,0,0,0,0,0,0},
{1,1,1,0,0,1,1,0,1,0,1,0,0,1,1,1,1,0,0,1,1},
{0,0,0,0,1,1,0,0,1,0,1,1,0,1,1,1,0,0,1,0,0},
{0,0,0,0,0,1,1,1,0,1,1,1,1,1,0,1,1,1,1,1,1},
{0,0,1,0,0,0,0,1,0,0,0,1,0,1,1,1,0,0,1,0,0},
{0,1,1,1,0,0,1,0,0,1,1,1,1,1,1,1,1,0,1,1,0},
{0,0,0,0,0,0,0,0,1,1,1,0,0,0,0,0,0,1,0,0,0},
{1,1,1,1,1,1,1,0,0,0,0,0,0,0,1,0,0,1,0,0,0},
{1,0,0,0,0,0,1,0,1,0,1,0,1,0,0,0,1,0,1,1,1},
{1,0,1,1,1,0,1,0,0,1,1,0,0,0,1,0,0,1,0,1,1},
{1,0,1,1,1,0,1,0,0,1,1,1,0,1,1,0,0,0,0,0,0},
{1,0,1,1,1,0,1,0,1,0,0,1,1,1,1,1,1,1,1,1,1},
{1,0,0,0,0,0,1,0,1,0,1,1,0,1,1,1,0,0,1,0,1},
{1,1,1,1,1,1,1,0,1,1,0,1,1,1,1,0,0,0,1,1,1}}




//ABCDEFGHIJKLMNOPQRSTUVWXYZ

1	1	1	1	1	1	1	0	1	0	0	1	0	0	1	1	1	1	1	1	1
1	0	0	0	0	0	1	0	1	0	1	1	0	0	1	0	0	0	0	0	1
1	0	1	1	1	0	1	0	0	1	1	0	1	0	1	0	1	1	1	0	1
1	0	1	1	1	0	1	0	0	0	0	0	1	0	1	0	1	1	1	0	1
1	0	1	1	1	0	1	0	1	0	0	0	1	0	1	0	1	1	1	0	1
1	0	0	0	0	0	1	0	1	0	0	1	0	0	1	0	0	0	0	0	1
1	1	1	1	1	1	1	0	1	0	1	0	1	0	1	1	1	1	1	1	1
0	0	0	0	0	0	0	0	1	1	0	1	1	0	0	0	0	0	0	0	0
1	1	1	0	0	1	1	0	1	1	1	1	1	1	1	1	1	0	0	1	1
1	1	0	1	1	1	0	1	1	0	0	1	0	0	0	1	1	1	0	1	0
0	1	1	1	0	1	1	1	0	1	0	1	1	0	0	0	1	1	1	0	0
1	1	0	1	0	0	0	1	1	0	1	0	1	0	0	1	0	1	0	0	0
0	1	1	1	1	1	1	1	0	1	0	1	0	1	0	0	0	0	1	0	0
0	0	0	0	0	0	0	0	1	1	1	1	0	1	1	1	1	0	0	1	0
1	1	1	1	1	1	1	0	0	0	1	0	0	0	0	1	1	1	0	1	0
1	0	0	0	0	0	1	0	1	1	1	0	1	1	1	1	1	0	1	0	0
1	0	1	1	1	0	1	0	0	0	0	1	0	0	1	1	0	1	0	0	0
1	0	1	1	1	0	1	0	0	0	1	0	0	1	0	0	0	0	0	0	0
1	0	1	1	1	0	1	0	1	1	1	0	0	1	0	1	1	0	1	1	1
1	0	0	0	0	0	1	0	1	0	0	0	0	0	0	1	1	1	0	0	1
1	1	1	1	1	1	1	0	1	0	1	1	0	1	0	0	1	0	1	1	1



{{1,1,1,1,1,1,1,0,1,0,0,1,0,0,1,1,1,1,1,1,1},
{1,0,0,0,0,0,1,0,1,0,1,1,0,0,1,0,0,0,0,0,1},
{1,0,1,1,1,0,1,0,0,1,1,0,1,0,1,0,1,1,1,0,1},
{1,0,1,1,1,0,1,0,0,0,0,0,1,0,1,0,1,1,1,0,1},
{1,0,1,1,1,0,1,0,1,0,0,0,1,0,1,0,1,1,1,0,1},
{1,0,0,0,0,0,1,0,1,0,0,1,0,0,1,0,0,0,0,0,1},
{1,1,1,1,1,1,1,0,1,0,1,0,1,0,1,1,1,1,1,1,1},
{0,0,0,0,0,0,0,0,1,1,0,1,1,0,0,0,0,0,0,0,0},
{1,1,1,0,0,1,1,0,1,1,1,1,1,1,1,1,1,0,0,1,1},
{1,1,0,1,1,1,0,1,1,0,0,1,0,0,0,1,1,1,0,1,0},
{0,1,1,1,0,1,1,1,0,1,0,1,1,0,0,0,1,1,1,0,0},
{1,1,0,1,0,0,0,1,1,0,1,0,1,0,0,1,0,1,0,0,0},
{0,1,1,1,1,1,1,1,0,1,0,1,0,1,0,0,0,0,1,0,0},
{0,0,0,0,0,0,0,0,1,1,1,1,0,1,1,1,1,0,0,1,0},
{1,1,1,1,1,1,1,0,0,0,1,0,0,0,0,1,1,1,0,1,0},
{1,0,0,0,0,0,1,0,1,1,1,0,1,1,1,1,1,0,1,0,0},
{1,0,1,1,1,0,1,0,0,0,0,1,0,0,1,1,0,1,0,0,0},
{1,0,1,1,1,0,1,0,0,0,1,0,0,1,0,0,0,0,0,0,0},
{1,0,1,1,1,0,1,0,1,1,1,0,0,1,0,1,1,0,1,1,1},
{1,0,0,0,0,0,1,0,1,0,0,0,0,0,0,1,1,1,0,0,1},
{1,1,1,1,1,1,1,0,1,0,1,1,0,1,0,0,1,0,1,1,1}};
